0.0 0.0 0.0 0.0 0.0 
0.0 0.0 0.0 0.0 0.0 
0.0 0.0 0.0 0.0 0.0 
0.0 0.0 0.0 0.0 0.0 
90.91389557446225 42.845170980136245 0.0 13.664577923699271 54.64574482320384 
0.0 0.0 0.0 0.0 0.0 
144.1272336259902 74.83160448774024 0.0 0.0 88.78173850284685 
0.0 0.0 0.0 0.0 0.0 
0.0 0.0 0.0 0.0 0.0 
0.0 0.0 0.0 0.0 0.0 
0.0 0.0 0.0 0.0 0.0 
0.0 0.0 0.0 0.0 0.0 
-0.4 0.0 -0.4 39.76448471086429 -0.8 
0.0 0.0 0.0 0.0 0.0 
0.0 0.0 0.0 0.0 0.0 
-0.920333464194941 0.0 0.0 -0.9222400000000001 -1.28 
0.0 0.0 0.0 0.0 0.0 
0.0 0.0 0.0 0.0 0.0 
0.0 0.0 0.0 0.0 0.0 
0.0 0.0 0.0 0.0 0.0 
0.0 0.0 0.0 0.0 0.0 
27.31869719936585 0.0 0.0 0.0 -0.8 
0.0 0.0 0.0 0.0 0.0 
0.0 0.0 0.0 0.0 0.0 
0.0 0.0 0.0 0.0 0.0 
0.0 0.0 0.0 0.0 0.0 
0.0 0.0 0.0 0.0 0.0 
0.0 0.0 0.0 0.0 0.0 
0.0 0.0 0.0 0.0 0.0 
0.0 0.0 0.0 0.0 0.0 
0.0 0.0 0.0 0.0 0.0 
0.0 0.0 0.0 0.0 0.0 
0.0 0.0 0.0 0.0 0.0 
0.0 0.0 0.0 0.0 0.0 
0.0 0.0 0.0 0.0 0.0 
0.0 0.0 0.0 0.0 0.0 
0.0 0.0 0.0 0.0 0.0 
0.0 0.0 0.0 0.0 0.0 
0.0 0.0 0.0 0.0 0.0 
0.0 0.0 0.0 0.0 0.0 
0.0 0.0 0.0 0.0 0.0 
0.0 0.0 0.0 0.0 0.0 
0.0 0.0 0.0 0.0 0.0 
0.0 0.0 0.0 0.0 0.0 
0.0 0.0 0.0 0.0 0.0 
0.0 0.0 0.0 0.0 0.0 
0.0 127.82904593479255 0.0 0.0 0.0 
0.0 0.0 0.0 0.0 0.0 
0.0 79.60000000000001 0.0 0.0 0.0 
15.665774670199704 60.00656567206035 0.0 -0.08215672033475702 14.771422243332127 
0.0 0.0 0.0 0.0 0.0 
31.41000707241532 101.31408152560637 0.0 0.0 20.989905157662523 
0.0 0.0 0.0 0.0 0.0 
0.0 0.0 0.0 0.0 0.0 
0.0 0.0 0.0 0.0 0.0 
0.0 0.0 0.0 0.0 0.0 
0.0 0.0 0.0 0.0 0.0 
28.808649676338817 13.68225476835661 -1.6558862157665855 -1.7788048131075993 -1.7354832073731132 
-1.6203833798801432 0.0 -0.9466886159842919 -1.433756345596601 -1.8764659229055995 
0.0 -0.5422586170718654 -0.9949555424354046 -0.986517712274255 -1.909326687629035 
0.0 0.0 0.0 0.0 0.0 
0.0 4.418124516138369 0.0 -0.822457142724269 0.39584961092698745 
0.0 0.0 0.0 0.0 0.0 
0.0 0.0 0.0 0.0 0.0 
5.903327317936217 22.89863591837153 0.0 -0.8734443726543364 3.2608672030235626 
0.0 0.0 0.0 0.0 0.0 
0.0 0.0 0.0 0.0 0.0 
0.0 0.0 0.0 0.0 0.0 
0.0 0.0 0.0 0.0 0.0 
0.0 0.0 0.0 0.0 0.0 
0.0 0.0 0.0 0.0 0.0 
0.0 0.0 0.0 0.0 0.0 
-1.0061457206137048 -1.4875524632744384 -1.3956985214472308 -1.3275669790272326 -2.4842897600937137 
0.0 0.0 0.0 0.0 0.0 
0.0 -1.5125278877393837 -0.9999999999922695 -0.999999999990275 -1.996666609434313 
0.0 0.0 0.0 0.0 0.0 
0.0 0.0 0.0 0.0 0.0 
0.0 0.0 0.0 0.0 0.0 
0.0 0.0 0.0 0.0 0.0 
0.0 0.0 0.0 0.0 0.0 
0.0 0.0 0.0 0.0 0.0 
0.0 0.0 0.0 0.0 0.0 
0.0 0.0 0.0 0.0 0.0 
0.0 0.0 0.0 0.0 0.0 
0.0 0.0 0.0 0.0 0.0 
0.0 0.0 0.0 0.0 0.0 
0.0 0.0 0.0 0.0 0.0 
0.0 0.0 0.0 0.0 0.0 
0.0 0.0 0.0 0.0 0.0 
0.0 0.0 0.0 0.0 0.0 
-0.012853040903948898 0.0 0.0 -0.3289968939153367 -1.864104282823834 
0.0 -0.9473553456141242 0.0 -0.8415635635940424 -0.8673101595519275 
1.4427711387938904 0.0 80.62946353941261 0.0 -1.7248497096115107 
0.0 -0.8535106188914746 -0.9447218307365196 0.0 -1.3104969799949475 
0.0 0.0 0.0 0.0 0.0 
8.966810329376521 0.2728793349913895 120.77294685071007 0.0 0.0 
0.0 0.0 0.0 0.0 0.0 
0.0 0.0 0.0 0.0 0.0 
0.0 0.0 0.0 0.0 0.0 
0.0 0.0 0.0 0.0 0.0 
4.094522010564367 0.0 0.0 0.0 3.3924722289144333 
0.0 0.06302241951936094 0.0 0.0 0.6262932604357455 
13.526287047410785 32.324733504026824 212.79768647430905 28.748429425208755 55.37680303508198 
18.25234013442841 0.0 -0.49727346980086023 -0.6182908413278214 -1.3039306765764382 
0.0 -0.8921897662387671 -0.8533209775348549 -0.9468758766885822 -0.945017437022438 
0.0 0.0 0.0 0.0 0.0 
0.0 0.0 0.0 0.0 0.0 
0.0 0.0 0.0 0.0 0.0 
0.0 0.0 0.0 0.0 0.0 
0.0 0.0 0.0 0.0 0.0 
0.0 0.0 0.0 0.0 0.0 
0.0 0.0 0.0 0.0 0.0 
0.0 0.0 0.0 0.0 0.0 
0.0 0.0 0.0 0.0 0.0 
0.0 0.0 0.0 0.0 0.0 
0.0 0.0 0.0 0.0 0.0 
0.0 0.0 0.0 0.0 0.0 
0.0 0.0 0.0 0.0 0.0 
0.0 0.0 0.0 0.0 0.0 
0.0 0.0 0.0 0.0 0.0 
0.0 0.0 0.0 0.0 0.0 
0.0 0.0 0.0 0.0 0.0 
0.0 0.0 0.0 0.0 0.0 
0.0 0.0 0.0 0.0 0.0 
0.0 0.0 0.0 0.0 0.0 
0.0 0.0 0.0 0.0 0.0 
0.0 0.0 0.0 0.0 0.0 
0.0 0.0 0.0 0.0 0.0 
0.0 0.0 0.0 0.0 0.0 
0.0 0.0 0.0 0.0 0.0 
0.0 0.0 0.0 0.0 0.0 
0.0 0.0 0.0 0.0 0.0 
0.0 0.0 0.0 0.0 0.0 
0.0 0.0 0.0 0.0 0.0 
0.0 0.0 0.0 0.0 0.0 
-0.9263050790951017 0.0 0.0 -0.9364592252494255 -1.5057724213815147 
0.0 0.0 0.0 0.0 0.0 
-0.8972751819544549 0.0 -0.8935652456367525 0.0 -1.7438067142262565 
0.0 0.0 0.0 0.0 0.0 
16.404367768636497 5.520941499815359 0.0 129.39325655378707 18.349584174688914 
0.0 0.0 0.0 0.0 0.0 
-0.9999999995808259 -0.9999999999999999 0.0 0.0 -1.9999997347112963 
0.0 0.0 0.0 0.0 0.0 
0.0 0.0 0.0 0.0 0.0 
0.0 0.0 0.0 0.0 0.0 
-0.9969964739239975 0.0 0.0 0.0 -1.9999905232373234 
0.0 0.0 0.0 0.0 0.0 
8.619642609006132 0.33463048377210214 72.17229328156392 214.18838634299743 -0.8 
0.0 0.0 0.0 0.0 0.0 
0.0 0.0 0.0 0.0 0.0 
0.0 0.0 0.0 0.0 0.0 
0.0 0.0 0.0 0.0 0.0 
0.0 0.0 0.0 0.0 0.0 
0.0 0.0 0.0 0.0 0.0 
0.0 0.0 0.0 0.0 0.0 
0.0 0.0 0.0 0.0 0.0 
0.0 0.0 0.0 0.0 0.0 
0.0 0.0 0.0 0.0 0.0 
0.0 0.0 0.0 0.0 0.0 
0.0 0.0 0.0 0.0 0.0 
0.0 0.0 0.0 0.0 0.0 
0.0 0.0 0.0 0.0 0.0 
0.0 0.0 0.0 0.0 0.0 
0.0 0.0 0.0 0.0 0.0 
0.0 0.0 0.0 0.0 0.0 
0.0 0.0 0.0 0.0 0.0 
0.0 0.0 0.0 0.0 0.0 
0.0 0.0 0.0 0.0 0.0 
0.0 0.0 0.0 0.0 0.0 
0.0 0.0 0.0 0.0 0.0 
0.0 0.0 0.0 0.0 0.0 
0.0 0.0 0.0 0.0 0.0 
0.0 0.0 0.0 0.0 0.0 
0.0 0.0 0.0 0.0 0.0 
0.0 0.0 0.0 0.0 0.0 
0.0 0.0 0.0 0.0 0.0 
0.0 0.0 0.0 0.0 0.0 
0.0 0.0 0.0 0.0 0.0 
0.0 0.0 0.0 0.0 0.0 
0.0 0.0 0.0 0.0 0.0 
-0.9363013454547731 0.0 0.0 -0.9530493208431182 -1.1311383782936346 
0.0 0.0 0.0 0.0 0.0 
0.0 0.0 0.0 0.0 0.0 
0.0 0.0 0.0 0.0 0.0 
1.4022545102322268 1.5833484176836812 0.0 0.5862463579086781 0.906605926854896 
-0.7177648156956677 -0.5982638618517073 -0.7853989711557523 0.0 -0.828891213930069 
-0.6710645819101453 0.42686645379710664 0.0 0.0 -0.7912009284872245 
0.0 0.0 0.0 0.0 0.0 
0.0 0.0 0.0 0.0 0.0 
0.0 0.0 0.0 0.0 0.0 
0.0 0.0 0.0 0.0 0.0 
0.0 0.0 0.0 0.0 0.0 
19.755894690590132 37.54241494023891 50.96936417357783 2.8979333319025544 12.533216045216513 
-0.8770301340417623 0.0 -0.9172357548705607 -0.854307815824016 -1.5952678123703095 
0.0 22.54117028910435 1.074747300518578 1.567504574117481 5.136208683381507 
-0.9222400000000001 0.0 0.0 -0.9533440000000001 -1.7408000000000001 
0.0 -0.8704000000000001 0.0 -0.784 -1.568 
-0.9533440000000001 0.0 -0.9533440000000001 0.0 -1.568 
0.0 0.0 0.0 0.0 0.0 
0.05860966584941374 -0.9533440000000001 0.0 13.207465868781613 -1.568 
0.18927679973165312 0.5846203254972617 2.5638305337004947 0.0 -0.9346829418353082 
-0.64 -0.64 0.0 0.0 -1.568 
0.0 0.0 0.0 0.0 0.0 
0.0 0.0 0.0 0.0 0.0 
0.0 0.0 0.0 0.0 0.0 
0.0 0.0 0.0 0.0 0.0 
0.0 0.0 0.0 0.0 0.0 
1.285914512702784 20.145124762455506 45.66495620167533 1.0481258631877244 1.8342163253863675 
13.368001510721731 0.0 47.862644652066095 19.112509795657857 15.2343216640092 
0.0 0.0 0.0 0.0 0.0 
0.0 0.0 0.0 0.0 0.0 
0.0 0.0 0.0 0.0 0.0 
0.0 0.0 0.0 0.0 0.0 
0.0 0.0 0.0 0.0 0.0 
0.0 0.0 0.0 0.0 0.0 
0.0 0.0 0.0 0.0 0.0 
0.0 0.0 0.0 0.0 0.0 
0.0 0.0 0.0 0.0 0.0 
0.0 0.0 0.0 0.0 0.0 
0.0 0.0 0.0 0.0 0.0 
-0.64 0.0 0.0 0.0 0.0 
0.0 0.0 0.0 0.0 0.0 
0.0 0.0 0.0 0.0 0.0 
0.0 0.0 0.0 0.0 0.0 
0.0 0.0 0.0 0.0 0.0 
0.0 0.0 0.0 0.0 0.0 
0.0 0.0 0.0 0.0 0.0 
0.0 0.0 0.0 0.0 0.0 
0.0 -0.8704000000000001 9.242602242664738 0.0 1.4365082866635999 
-1.6905475800002387 -0.5469185790933826 0.0 -0.8678918828020483 -1.5935214573564038 
0.10733149118831767 1.2160406628201674 21.961973776307737 0.0 0.9558685785354792 
3.107457951581255 4.2158433317498485 0.0 0.0 2.786582008807005 
0.0 0.0 0.0 0.0 0.0 
0.0 0.0 0.0 0.0 0.0 
0.0 0.0 0.0 0.0 0.0 
0.0 0.0 0.0 0.0 0.0 
0.0 0.0 0.0 0.0 0.0 
-1.7415525217600671 -1.1152071423634948 -1.4288398355380738 -1.455971001537964 -2.7646815536083738 
-1.7214332406294792 0.0 -0.9758267015637662 1.3052425609075518 -1.8134724339220718 
0.0 -1.6335910664380475 -0.9965144979615141 -0.9965248994806742 -1.8029791972571463 
0.0 0.0 0.0 0.0 0.0 
0.0 0.0 0.0 0.0 0.0 
0.0 0.0 0.0 0.0 0.0 
0.0 -0.6776459327213109 -0.999865671581637 0.0 -1.9165741752054009 
0.0 0.0 0.0 0.0 0.0 
-0.9999999999999999 -0.9999868752192962 -1.5231538226448667 0.0 -1.9112947293262885 
0.0 0.0 0.0 0.0 0.0 
0.0 0.0 0.0 0.0 0.0 
0.0 0.0 0.0 0.0 0.0 
0.0 0.0 0.0 0.0 0.0 
0.0 0.0 0.0 0.0 0.0 
0.0 0.0 0.0 0.0 0.0 
-1.5424186304297125 9.032510619519801 14.916720551954255 -1.2986479819542704 -2.5475602960290953 
0.0 0.0 0.0 0.0 0.0 
0.0 2.8567685610967253 -0.38260134153169567 -0.9999999999999999 -1.9999999947987988 
0.0 0.0 0.0 0.0 0.0 
0.0 0.0 0.0 0.0 0.0 
0.0 0.0 0.0 0.0 0.0 
0.0 -0.9999998716633012 -0.9539446265020062 0.0 -1.9999999990375403 
0.0 0.0 0.0 0.0 0.0 
0.0 0.0 0.0 0.0 0.0 
0.0 0.0 0.0 0.0 0.0 
0.0 0.0 0.0 0.0 0.0 
0.0 0.0 0.0 0.0 0.0 
0.0 0.0 0.0 0.0 0.0 
0.0 0.0 0.0 0.0 0.0 
0.0 0.0 0.0 0.0 0.0 
0.0 0.0 0.0 0.0 0.0 
0.0 0.0 0.0 0.0 0.0 
0.0 0.0 0.0 0.0 0.0 
0.0 0.0 0.0 0.0 0.0 
0.0 0.0 0.0 0.0 0.0 
0.0 0.0 0.0 0.0 0.0 
0.0 0.0 0.0 0.0 0.0 
30.804707499076795 1.1048247684789576 0.0 -0.64 4.880941499815359 
0.0 0.0 0.0 0.0 0.0 
-0.9999999999999999 -0.9999999999999999 0.0 0.0 -1.9999999999941804 
0.0 0.0 0.0 0.0 0.0 
0.0 0.0 0.0 0.0 0.0 
0.0 0.0 0.0 0.0 0.0 
-0.99921635835904 0.0 0.0 0.0 -1.7408000000000001 
0.0 0.0 0.0 0.0 0.0 
-0.4 -0.9708291637917302 -0.7447877018344224 11.724208996675625 -0.8 
0.0 0.0 0.0 0.0 0.0 
0.0 0.0 0.0 0.0 0.0 
0.0 0.0 0.0 0.0 0.0 
0.0 0.0 0.0 0.0 0.0 
0.0 0.0 0.0 0.0 0.0 
0.0 0.0 0.0 0.0 0.0 
0.0 0.0 0.0 0.0 0.0 
0.0 0.0 0.0 0.0 0.0 
0.0 0.0 0.0 0.0 0.0 
0.0 0.0 0.0 0.0 0.0 
0.0 0.0 0.0 0.0 0.0 
0.0 0.0 0.0 0.0 0.0 
0.0 0.0 0.0 0.0 0.0 
0.0 0.0 0.0 0.0 0.0 
0.0 0.0 0.0 0.0 0.0 
0.0 0.0 0.0 0.0 0.0 
0.0 0.0 0.0 0.0 0.0 
0.0 0.0 0.0 0.0 0.0 
0.0 0.0 0.0 0.0 0.0 
0.0 0.0 0.0 0.0 0.0 
0.0 0.0 0.0 0.0 0.0 
0.0 0.0 0.0 0.0 0.0 
0.0 0.0 0.0 0.0 0.0 
0.0 0.0 0.0 0.0 0.0 
0.0 0.0 0.0 0.0 0.0 
0.0 0.0 0.0 0.0 0.0 
0.0 0.0 0.0 0.0 0.0 
0.0 0.0 0.0 0.0 0.0 
0.0 0.0 0.0 0.0 0.0 
0.0 0.0 0.0 0.0 0.0 
0.0 0.0 0.0 0.0 0.0 
0.0 0.0 0.0 0.0 0.0 
0.0 0.0 0.0 0.0 0.0 
0.0 0.0 0.0 0.0 0.0 
0.0 0.0 0.0 0.0 0.0 
0.0 -0.9363864365159335 -0.9051947169148924 0.0 -1.3792600175926066 
-0.999134879011796 -0.9993062562695746 0.0 -1.1723567874244103 -1.9859398149471215 
0.0 0.0 0.0 0.0 0.0 
-0.8504529149522468 -0.8721411180946979 0.0 0.0 -1.1936597216156388 
0.0 0.0 0.0 0.0 0.0 
0.0 0.0 0.0 0.0 0.0 
0.0 0.0 0.0 0.0 0.0 
0.0 0.0 0.0 0.0 0.0 
0.0 0.0 0.0 0.0 0.0 
-1.5542052225271064 -1.6256555085495386 -1.421980141982082 9.49683079196218 -2.5400923903094403 
-1.6824741791511975 0.0 -0.9999990673827633 -0.9999991261288284 -1.993160953919082 
0.0 14.018576146463953 -0.9803534512952816 -0.978459838044052 -1.546059502292997 
0.0 0.0 0.0 0.0 0.0 
0.0 -0.9965766497737387 0.0 -0.9999999999999999 -1.999999999997905 
0.0 0.0 0.0 0.0 0.0 
0.0 0.0 0.0 0.0 0.0 
-0.9971016258232177 0.4257991860302066 0.0 -1.1420765239969164 -1.990491446282717 
0.0 0.0 0.0 0.0 0.0 
-0.9999999999929194 -0.9999999999865287 0.0 0.0 -1.9890741634022524 
0.0 0.0 0.0 0.0 0.0 
0.0 0.0 0.0 0.0 0.0 
0.0 0.0 0.0 0.0 0.0 
0.0 0.0 0.0 0.0 0.0 
0.0 0.0 0.0 0.0 0.0 
-1.1019933781262554 -1.4974500611674406 -0.8638823467824173 -0.7641596009542322 -1.6512951608058637 
-1.2695931703677628 0.0 -0.9907199055849812 -1.1062828132246003 -0.9975716027164743 
0.0 -1.6586716279944205 -0.9996701614072159 -0.9996514616911137 -1.9999999999999998 
0.0 0.0 0.0 0.0 0.0 
0.0 0.0 0.0 0.0 0.0 
0.0 0.0 0.0 0.0 0.0 
0.0 0.0 0.0 0.0 0.0 
0.0 0.0 0.0 0.0 0.0 
0.0 0.0 0.0 0.0 0.0 
0.0 0.0 0.0 0.0 0.0 
0.0 0.0 0.0 0.0 0.0 
0.0 0.0 0.0 0.0 0.0 
0.0 0.0 0.0 0.0 0.0 
0.0 0.0 0.0 0.0 0.0 
0.0 0.0 0.0 0.0 0.0 
0.0 0.0 0.0 0.0 0.0 
0.0 0.0 0.0 0.0 0.0 
0.0 0.0 0.0 0.0 0.0 
