0.0 0.0 0.0 0.0 0.0 
0.0 0.0 0.0 0.0 0.0 
0.0 0.0 0.0 0.0 0.0 
0.0 0.0 0.0 0.0 0.0 
198.4691651650303 -0.9999999999999999 0.0 107.2305500960737 33.14767099457606 
0.0 0.0 0.0 0.0 0.0 
0.0 0.0 0.0 0.0 0.0 
0.0 0.0 0.0 0.0 0.0 
0.0 0.0 0.0 0.0 0.0 
0.0 0.0 0.0 0.0 0.0 
0.0 0.0 0.0 0.0 0.0 
0.0 0.0 0.0 0.0 0.0 
94.91840224945794 7.949128697546685 6.901906361809948 134.90617596343355 -0.8 
0.0 0.0 0.0 -0.4 0.0 
0.0 0.0 0.0 0.0 0.0 
-0.920333464194941 0.0 0.0 -0.9222400000000001 -1.28 
0.0 0.0 0.0 0.0 0.0 
0.0 0.0 0.0 0.0 0.0 
0.0 0.0 0.0 0.0 0.0 
0.0 0.0 0.0 0.0 0.0 
0.0 0.0 0.0 0.0 0.0 
0.0 0.0 0.0 0.0 0.0 
0.0 0.0 0.0 0.0 0.0 
0.0 0.0 0.0 0.0 0.0 
0.0 0.0 0.0 0.0 0.0 
0.0 0.0 0.0 0.0 0.0 
0.0 0.0 0.0 0.0 0.0 
0.0 0.0 0.0 0.0 0.0 
0.0 0.0 0.0 0.0 0.0 
0.0 0.0 0.0 0.0 0.0 
0.0 0.0 0.0 0.0 0.0 
0.0 0.0 0.0 0.0 0.0 
0.0 0.0 0.0 0.0 0.0 
0.0 0.0 0.0 0.0 0.0 
0.0 0.0 0.0 0.0 0.0 
0.0 0.0 0.0 0.0 0.0 
0.0 0.0 0.0 0.0 0.0 
0.0 0.0 0.0 0.0 0.0 
0.0 0.0 0.0 0.0 0.0 
0.0 0.0 0.0 0.0 0.0 
0.0 0.0 0.0 0.0 0.0 
0.0 0.0 0.0 0.0 0.0 
0.0 0.0 0.0 0.0 0.0 
0.0 0.0 0.0 0.0 0.0 
0.0 0.0 0.0 0.0 0.0 
0.0 0.0 0.0 0.0 0.0 
0.0 1.3029053744236958 0.0 0.0 0.0 
0.0 0.0 0.0 0.0 0.0 
0.0 0.0 0.0 0.0 0.0 
79.09749885794102 125.52062667966656 0.0 83.71264039428253 96.88719481358515 
0.0 0.0 0.0 0.0 0.0 
110.92840692211125 143.56133208237983 0.0 0.0 118.23707676119496 
0.0 0.0 0.0 0.0 0.0 
0.0 0.0 0.0 0.0 0.0 
0.0 0.0 0.0 0.0 0.0 
0.0 0.0 0.0 0.0 0.0 
0.0 0.0 0.0 0.0 0.0 
63.69015572759137 196.79438265166218 32.356665227196984 27.290172119450578 83.08466915837629 
0.0 0.0 0.0 0.0 0.0 
0.0 138.0134880445362 26.277080779178554 75.51910340494221 39.817542567870575 
0.0 0.0 0.0 0.0 0.0 
0.0 80.04037595855152 0.0 22.75409102978162 35.28416734963728 
0.0 0.0 0.0 0.0 0.0 
0.0 0.0 0.0 0.0 0.0 
72.19770918310894 87.20085408252649 0.0 40.9465226492069 44.38607896383483 
0.0 0.0 0.0 0.0 0.0 
0.0 0.0 0.0 0.0 0.0 
0.0 0.0 0.0 0.0 0.0 
0.0 0.0 0.0 0.0 0.0 
0.0 0.0 0.0 0.0 0.0 
0.0 0.0 0.0 0.0 0.0 
0.0 0.0 0.0 0.0 0.0 
72.972574838597 90.80958865183575 49.7566897615757 53.2145524666967 66.08198920383487 
0.0 0.0 0.0 0.0 0.0 
0.0 79.48123901216137 50.7928461327853 47.685125762021705 57.74397607282448 
0.0 0.0 0.0 0.0 0.0 
0.0 0.0 0.0 0.0 0.0 
0.0 0.0 0.0 0.0 0.0 
0.0 0.0 0.0 0.0 0.0 
0.0 0.0 0.0 0.0 0.0 
0.0 0.0 0.0 0.0 0.0 
0.0 0.0 0.0 0.0 0.0 
0.0 0.0 0.0 0.0 0.0 
0.0 0.0 0.0 0.0 0.0 
0.0 0.0 0.0 0.0 0.0 
0.0 0.0 0.0 0.0 0.0 
0.0 0.0 0.0 0.0 0.0 
0.0 0.0 0.0 0.0 0.0 
0.0 0.0 0.0 0.0 0.0 
0.0 0.0 0.0 0.0 0.0 
-0.9708329804682451 0.0 0.0 -0.9564540714796013 -0.9970241544786649 
0.0 0.0 0.0 0.0 0.0 
-0.4674289542378258 0.0 -0.5688751980686919 0.0 -1.0272530482386613 
0.0 154.8831703551444 221.86370984973547 0.0 192.13677191673344 
0.0 0.0 0.0 0.0 0.0 
46.63035879218266 60.783387876256704 219.30266861700835 0.0 0.0 
0.0 0.0 0.0 0.0 0.0 
0.0 0.0 0.0 0.0 0.0 
0.0 0.0 0.0 0.0 0.0 
0.0 0.0 0.0 0.0 0.0 
43.264954415171196 0.0 0.0 0.0 13.178555051429393 
0.0 0.0 0.0 0.0 0.0 
53.42435050351425 186.55773533024993 351.21077713157763 107.47345694801956 55.37680303508198 
69.24211591120027 0.0 -0.9795937625409624 -0.9788869069189212 5.954995140391164 
0.0 181.97081306286697 246.72192976850215 202.55516728832455 212.96295081734132 
0.0 0.0 0.0 0.0 0.0 
0.0 0.0 0.0 0.0 0.0 
0.0 0.0 0.0 0.0 0.0 
0.0 0.0 0.0 0.0 0.0 
0.0 0.0 0.0 0.0 0.0 
0.0 0.0 0.0 0.0 0.0 
0.0 0.0 0.0 0.0 0.0 
0.0 0.0 0.0 0.0 0.0 
0.0 0.0 0.0 0.0 0.0 
0.0 0.0 0.0 0.0 0.0 
0.0 0.0 0.0 0.0 0.0 
0.0 0.0 0.0 0.0 0.0 
0.0 0.0 0.0 0.0 0.0 
0.0 0.0 0.0 0.0 0.0 
0.0 0.0 0.0 0.0 0.0 
0.0 0.0 0.0 0.0 0.0 
0.0 0.0 0.0 0.0 0.0 
0.0 0.0 0.0 0.0 0.0 
0.0 0.0 0.0 0.0 0.0 
0.0 0.0 0.0 0.0 0.0 
0.0 0.0 0.0 0.0 0.0 
0.0 0.0 0.0 0.0 0.0 
0.0 0.0 0.0 0.0 0.0 
0.0 0.0 0.0 0.0 0.0 
0.0 0.0 0.0 0.0 0.0 
0.0 0.0 0.0 0.0 0.0 
0.0 0.0 0.0 0.0 0.0 
0.0 0.0 0.0 0.0 0.0 
0.0 0.0 0.0 0.0 0.0 
0.0 0.0 0.0 0.0 0.0 
75.65871521289966 0.0 0.0 216.18720979710866 186.00124126489393 
0.0 0.0 0.0 0.0 0.0 
0.0 0.0 0.0 0.0 0.0 
0.0 0.0 0.0 0.0 0.0 
54.24816422374191 18.503462671415058 0.0 202.82519382737277 108.48739024113257 
0.0 0.0 0.0 0.0 0.0 
32.1233492179994 0.8282338174601779 0.0 0.0 0.19488886644975012 
0.0 0.0 0.0 0.0 0.0 
0.0 0.0 0.0 0.0 0.0 
0.0 0.0 0.0 0.0 0.0 
29.56070225974308 0.0 0.0 0.0 2.041361683691607 
0.0 0.0 0.0 0.0 0.0 
124.16001571769718 99.21286825645132 127.72249137346131 234.75068088146455 183.72233844714776 
0.0 0.0 0.0 0.0 0.0 
0.0 0.0 0.0 0.0 0.0 
0.0 0.0 0.0 0.0 0.0 
0.0 0.0 0.0 0.0 0.0 
0.0 0.0 0.0 0.0 0.0 
0.0 0.0 0.0 0.0 0.0 
0.0 0.0 0.0 0.0 0.0 
0.0 0.0 0.0 0.0 0.0 
0.0 0.0 0.0 0.0 0.0 
0.0 0.0 0.0 0.0 0.0 
0.0 0.0 0.0 0.0 0.0 
0.0 0.0 0.0 0.0 0.0 
0.0 0.0 0.0 0.0 0.0 
0.0 0.0 0.0 0.0 0.0 
0.0 0.0 0.0 0.0 0.0 
0.0 0.0 0.0 0.0 0.0 
0.0 0.0 0.0 0.0 0.0 
0.0 0.0 0.0 0.0 0.0 
0.0 0.0 0.0 0.0 0.0 
0.0 0.0 0.0 0.0 0.0 
0.0 0.0 0.0 0.0 0.0 
0.0 0.0 0.0 0.0 0.0 
0.0 0.0 0.0 0.0 0.0 
0.0 0.0 0.0 0.0 0.0 
0.0 0.0 0.0 0.0 0.0 
0.0 0.0 0.0 0.0 0.0 
0.0 0.0 0.0 0.0 0.0 
0.0 0.0 0.0 0.0 0.0 
0.0 0.0 0.0 0.0 0.0 
0.0 0.0 0.0 0.0 0.0 
0.0 0.0 0.0 0.0 0.0 
0.0 0.0 0.0 0.0 0.0 
0.0 0.0 0.0 0.0 0.0 
0.0 0.0 0.0 0.0 0.0 
0.0 0.0 0.0 0.0 0.0 
0.0 0.0 0.0 0.0 0.0 
0.0 0.0 0.0 0.0 0.0 
157.25780251340146 145.5170872319306 172.91909594122922 0.0 138.66768033031713 
0.0 0.0 0.0 0.0 0.0 
0.0 0.0 0.0 0.0 0.0 
0.0 0.0 0.0 0.0 0.0 
0.0 0.0 0.0 0.0 0.0 
0.0 0.0 0.0 0.0 0.0 
0.0 0.0 0.0 0.0 0.0 
240.4844250663881 176.13943302569226 167.05034911908297 166.0047876226257 162.76235661891093 
69.8244700517406 0.0 0.0 0.0 0.0 
0.0 0.0 0.0 0.0 0.0 
0.0 0.0 0.0 0.0 0.0 
0.0 0.0 0.0 0.0 0.0 
0.0 0.0 0.0 0.0 0.0 
0.0 0.0 0.0 0.0 0.0 
0.0 0.0 0.0 0.0 0.0 
0.0 0.0 0.0 0.0 0.0 
0.0 0.0 0.0 0.0 0.0 
0.0 0.0 0.0 0.0 0.0 
0.0 0.0 0.0 0.0 0.0 
0.0 0.0 0.0 0.0 0.0 
0.0 0.0 0.0 0.0 0.0 
0.0 0.0 0.0 0.0 0.0 
-0.9546392963026702 -0.64 -0.912 -0.72 -1.36 
-0.9984 0.0 -0.9939533824 -0.989922304 -1.7408000000000001 
0.0 0.0 0.0 0.0 0.0 
0.0 0.0 0.0 0.0 0.0 
0.0 0.0 0.0 0.0 0.0 
0.0 0.0 0.0 0.0 0.0 
0.0 0.0 0.0 0.0 0.0 
0.0 0.0 0.0 0.0 0.0 
0.0 0.0 0.0 0.0 0.0 
0.0 0.0 0.0 0.0 0.0 
0.0 0.0 0.0 0.0 0.0 
0.0 0.0 0.0 0.0 0.0 
0.0 0.0 0.0 0.0 0.0 
0.0 0.0 0.0 0.0 0.0 
0.0 0.0 0.0 0.0 0.0 
0.0 0.0 0.0 0.0 0.0 
0.0 0.0 0.0 0.0 0.0 
0.0 0.0 0.0 0.0 0.0 
0.0 0.0 0.0 0.0 0.0 
0.0 0.0 0.0 0.0 0.0 
0.0 0.0 0.0 0.0 0.0 
0.0 -0.8704000000000001 9.242602242664738 0.0 1.4365082866635999 
52.02473872137824 15.933161134645754 0.0 20.26869285585123 13.949871116197821 
0.002310746860221591 -0.5339993907535137 -0.761975133991743 0.0 -1.0529988675259951 
50.392898116096134 16.60157474901023 0.0 0.0 18.98060443820753 
0.0 0.0 0.0 0.0 0.0 
0.0 0.0 0.0 0.0 0.0 
0.0 0.0 0.0 0.0 0.0 
0.0 0.0 0.0 0.0 0.0 
0.0 0.0 0.0 0.0 0.0 
19.11909387957801 23.507698314710016 90.26019276858679 17.013385930564567 39.19952651860061 
63.84884364747096 0.0 110.68797973634054 44.62004735166115 73.15825640757014 
0.0 20.633573294811494 99.48491633111297 34.16136208644516 36.285014211547946 
0.0 0.0 0.0 0.0 0.0 
0.0 0.0 0.0 14.504179757692894 -0.8 
0.0 0.0 0.0 0.0 0.0 
0.0 32.17776569206843 86.7404181243017 0.0 44.44075452282206 
3.9318459015180407 7.796387019676283 0.0 14.235297976872978 8.196298069906641 
2.26137790672386 2.2610448508141587 15.975646189213187 0.0 2.0984002703443605 
0.0 0.0 0.0 0.0 0.0 
0.0 0.0 0.0 0.0 0.0 
0.0 0.0 0.0 0.0 0.0 
0.0 0.0 0.0 0.0 0.0 
0.0 0.0 0.0 0.0 0.0 
0.0 0.0 0.0 0.0 0.0 
0.5171685830773851 0.3678421285932067 95.89212457403818 0.5744255565204127 17.03007054713451 
0.0 0.0 0.0 0.0 0.0 
0.0 32.68010138968009 63.95786950445746 27.268313517726334 35.2152774003573 
0.0 0.0 0.0 0.0 0.0 
0.0 0.0 0.0 0.0 0.0 
0.0 0.0 0.0 0.0 0.0 
0.0 2.613065151809997 1.6891551383136234 0.0 -0.08937170621403889 
0.0 0.0 0.0 0.0 0.0 
0.0 0.0 0.0 0.0 0.0 
0.0 0.0 0.0 0.0 0.0 
0.0 0.0 0.0 0.0 0.0 
0.0 0.0 0.0 0.0 0.0 
0.0 0.0 0.0 0.0 0.0 
0.0 0.0 0.0 0.0 0.0 
0.0 0.0 0.0 0.0 0.0 
0.0 0.0 0.0 0.0 0.0 
0.0 0.0 0.0 0.0 0.0 
0.0 0.0 0.0 0.0 0.0 
10.689694699667648 0.0 0.0 0.0 0.0 
0.0 0.0 0.0 0.0 0.0 
0.0 0.0 0.0 0.0 0.0 
0.0 0.0 0.0 0.0 0.0 
92.76579229307426 22.621536295635053 0.0 3.436715238803225 4.880941499815359 
0.0 0.0 0.0 0.0 0.0 
15.79465883000832 0.21847529353111983 0.0 0.0 0.012832155317055838 
0.0 0.0 0.0 0.0 0.0 
0.0 0.0 0.0 0.0 0.0 
0.0 0.0 0.0 0.0 0.0 
-0.99921635835904 0.0 0.0 0.0 -1.7408000000000001 
0.0 0.0 0.0 0.0 0.0 
168.62317686172346 -0.9708291637917302 -0.7447877018344224 77.69640713215404 -0.8 
0.0 0.0 -0.4 0.0 0.0 
0.0 0.0 0.0 0.0 0.0 
0.0 0.0 0.0 0.0 0.0 
0.0 0.0 0.0 0.0 0.0 
0.0 0.0 0.0 0.0 0.0 
0.0 0.0 0.0 0.0 0.0 
0.0 0.0 0.0 0.0 0.0 
0.0 0.0 0.0 0.0 0.0 
0.0 0.0 0.0 0.0 0.0 
0.0 0.0 0.0 0.0 0.0 
0.0 0.0 0.0 0.0 0.0 
0.0 0.0 0.0 0.0 0.0 
0.0 0.0 0.0 0.0 0.0 
0.0 0.0 0.0 0.0 0.0 
0.0 0.0 0.0 0.0 0.0 
0.0 0.0 0.0 0.0 0.0 
0.0 0.0 0.0 0.0 0.0 
0.0 0.0 0.0 0.0 0.0 
0.0 0.0 0.0 0.0 0.0 
0.0 0.0 0.0 0.0 0.0 
0.0 0.0 0.0 0.0 0.0 
0.0 0.0 0.0 0.0 0.0 
0.0 0.0 0.0 0.0 0.0 
0.0 0.0 0.0 0.0 0.0 
0.0 0.0 0.0 0.0 0.0 
0.0 0.0 0.0 0.0 0.0 
0.0 0.0 0.0 0.0 0.0 
0.0 0.0 0.0 0.0 0.0 
0.0 0.0 0.0 0.0 0.0 
0.0 0.0 0.0 0.0 0.0 
0.0 0.0 0.0 0.0 0.0 
0.0 0.0 0.0 0.0 0.0 
0.0 0.0 0.0 0.0 0.0 
0.0 0.0 0.0 0.0 0.0 
0.0 0.0 0.0 0.0 0.0 
0.0 0.0 0.0 0.0 0.0 
33.31733413533254 31.506280521743758 0.0 31.681227684914653 33.353133943602145 
0.0 0.0 0.0 0.0 0.0 
48.08237704191888 23.701673072541077 0.0 0.0 34.451538012546465 
0.0 0.0 0.0 0.0 0.0 
0.0 0.0 0.0 0.0 0.0 
0.0 0.0 0.0 0.0 0.0 
0.0 0.0 0.0 0.0 0.0 
0.0 0.0 0.0 0.0 0.0 
39.46449463758536 36.3655371756296 37.84569646027481 39.16036318134783 39.36505769454289 
74.6389093828124 0.0 37.66133772765697 57.04507035854928 59.70891346321767 
0.0 55.661776503694064 26.41546509909408 31.138970052580305 25.413866981902935 
0.0 0.0 0.0 0.0 0.0 
0.0 51.47975967493699 0.0 71.96903929207551 61.59278159129453 
0.0 0.0 0.0 0.0 0.0 
0.0 18.03863739475516 27.13375926349409 0.0 22.39176392708447 
45.70152266240327 28.62909571287578 0.0 62.3714066310971 30.337556480673314 
19.82192868426376 30.64679126906513 22.296983066673803 0.0 23.915658301239404 
31.09305536022287 -0.9999999999865287 0.0 0.0 11.956592519550105 
0.0 0.0 0.0 0.0 0.0 
0.0 0.0 0.0 0.0 0.0 
0.0 0.0 0.0 0.0 0.0 
0.0 0.0 0.0 0.0 0.0 
0.0 0.0 0.0 0.0 0.0 
36.32486570888015 39.09555939979428 26.956080720871807 32.97274469950827 27.45038283281211 
26.197649089167776 0.0 34.53513359676598 15.909070489592157 15.047219272766373 
0.0 23.452070472091975 22.73374635376956 28.12513867904798 22.310190289176536 
0.0 0.0 0.0 0.0 0.0 
0.0 0.0 0.0 0.0 0.0 
0.0 0.0 0.0 0.0 0.0 
0.0 0.0 0.0 0.0 0.0 
0.0 0.0 0.0 0.0 0.0 
0.0 0.0 0.0 0.0 0.0 
0.0 0.0 0.0 0.0 0.0 
0.0 0.0 0.0 0.0 0.0 
0.0 0.0 0.0 0.0 0.0 
0.0 0.0 0.0 0.0 0.0 
0.0 0.0 0.0 0.0 0.0 
0.0 0.0 0.0 0.0 0.0 
0.0 0.0 0.0 0.0 0.0 
0.0 0.0 0.0 0.0 0.0 
0.0 0.0 0.0 0.0 0.0 
